11111111111111111111111111111111
10000000110000000000000000000011
10000000110000000000000000000011
11001100111111111100111111110011
11001100111111111100111111110011
10001100000000001100000000110011
10001100000000001100000000110011
10001111111100001111111100110011
10001111111100001111111100110011
10000000001100000000111100110011
10000000001100000000111100110011
11111100001111111100111100110011
11111100001111111100111100110011
11111100000000000000111100110011
11111100000000000000111100110011
11111100111100000000111100110011
11111100111100000000111100000011
11111100111100000000111100000011
11111100111100000000111100110011
11111100111100000000111100110011
11111100111100000000111100110011
11111100111111111111111100110011
11111100111111111111111100110011
11111100000000000000000000110011
11111100000000000000000000110011
11111111111111111111111100110011
11111111111111111111111100110011
10000000000000000000000000110011
10000000000000000000000000110011
11111111001111111111111111110011
11111111001111111111111111110011
11111111001111111111111111111111
111111110011
111111110011
100000000001
100000000001
100111000001
100000000001
100000000001
100000000001
100000000001
111111111111